2 1 1 1
0 2 5 4
0 0 1 1
x = 0.25 -0.5 1.0

2 1 -1 8
-3 -1 2 -11
-2 1 2 -3
x = 2 3 -1

2 -1 3 -5 1
1 -1 -5 0 2
3 -2 -2 -5 3
7 -5 -9 -10 8
x = det = 0

1 -2 3 6
2 3 -4 20
3 -2 -5 6
x = 8 4 2

3 -2 1 10
1 5 -2 -15
2 -2 -1 3
x = 1 -2 3

5 3 3 48
2 6 -3 18
8 -3 2 21
x = 3 5 6

#9.1 1)
3 8 3 -1 4
2 3 4 1 -4
1 -3 -2 -2 3
5 -8 4 2 -8
x = 2 1 -3 1

#9.1 2)
1 -2 3 -1 6
2 3 -4 4 -7
3 1 -2 -2 9
1 -3 7 6 -7
x = 2 -1 0 -2

#9.1 3)
1 4 5 2 20
1 2 3 1 11
7 9 10 2 40
2 9 8 3 37
x = 0 2 2 1

#9.1 4)
2 1 4 3 10
5 3 5 3 16
5 1 8 6 20
7 3 5 3 18
x = 1 1 1 1

#9.2 1)
2 3 5
-1 7 6
x = 1 1

#9.2 3)
1 -2 0
-4 8 1
No answer!

#9.2 8)
2 2 2 7
-1 -2 3 0
8 12 -8 2
No answer!

#9.2 11)
1 -1 2 -3 1
1 4 -1 -2 -2
1 -4 3 -2 -2
1 -8 5 -2 -2
det = 0